INFORMATION_NEED: 02-1
precision: 0,250
recall: 0,250
F1: 0,250
prec@10 0,300
average_precision 0,407
recall_precision
0,023 1,000
0,045 0,667
0,068 0,300
0,091 0,333
0,114 0,357
0,136 0,300
0,159 0,304
0,182 0,296
0,205 0,310
0,227 0,312
interpolated_recall_precision
0,000 1,000
0,100 0,357
0,200 0,312
0,300 0,000
0,400 0,000
0,500 0,000
0,600 0,000
0,700 0,000
0,800 0,000
0,900 0,000
1,000 0,000

INFORMATION_NEED: 06-3
precision: 0,091
recall: 0,125
F1: 0,105
prec@10 0,200
average_precision 0,400
recall_precision
0,031 1,000
0,062 0,200
0,094 0,200
0,125 0,200
interpolated_recall_precision
0,000 1,000
0,100 0,200
0,200 0,000
0,300 0,000
0,400 0,000
0,500 0,000
0,600 0,000
0,700 0,000
0,800 0,000
0,900 0,000
1,000 0,000

INFORMATION_NEED: 04-3
precision: 0,182
recall: 0,400
F1: 0,250
prec@10 0,100
average_precision 0,218
recall_precision
0,050 0,500
0,100 0,125
0,150 0,167
0,200 0,182
0,250 0,179
0,300 0,188
0,350 0,212
0,400 0,190
interpolated_recall_precision
0,000 0,500
0,100 0,212
0,200 0,212
0,300 0,212
0,400 0,190
0,500 0,000
0,600 0,000
0,700 0,000
0,800 0,000
0,900 0,000
1,000 0,000

INFORMATION_NEED: 02-4
precision: 0,114
recall: 0,059
F1: 0,078
prec@10 0,000
average_precision 0,109
recall_precision
0,012 0,083
0,024 0,105
0,035 0,115
0,047 0,111
0,059 0,132
interpolated_recall_precision
0,000 0,132
0,100 0,000
0,200 0,000
0,300 0,000
0,400 0,000
0,500 0,000
0,600 0,000
0,700 0,000
0,800 0,000
0,900 0,000
1,000 0,000

INFORMATION_NEED: 04-2
precision: 0,679
recall: 0,613
F1: 0,644
prec@10 0,800
average_precision 0,839
recall_precision
0,032 1,000
0,065 1,000
0,097 1,000
0,129 1,000
0,161 1,000
0,194 1,000
0,226 1,000
0,258 1,000
0,290 0,818
0,323 0,769
interpolated_recall_precision
0,000 1,000
0,100 1,000
0,200 1,000
0,300 0,769
0,400 0,727
0,500 0,727
0,600 0,679
0,700 0,000
0,800 0,000
0,900 0,000
1,000 0,000

TOTAL
precision: 0,263
recall: 0,289
F1: 0,276
prec@10: 0,280
MAP: 0,395
interpolated_recall_precision
0,000 0,726
0,100 0,354
0,200 0,305
0,300 0,196
0,400 0,184
0,500 0,145
0,600 0,136
0,700 0,000
0,800 0,000
0,900 0,000
1,000 0,000
